collect_aco.py ../src_aco/main -s -i -p 0.95 -n 50 -t 180 -b 1534 ../data/chr18b.dat
0,038339	1534	6
0,060825	1534	9
0,014884	1534	2
0,00666	1534	1
0,033548	1534	5
0,078845	1534	12
0,14661	1534	22
0,055157	1534	8
0,024144	1534	4
0,006867	1534	1
0,018023	1534	3
0,008408	1534	1
0,02039	1534	3
0,014521	1534	2
0,034345	1534	5
0,008525	1534	1
0,035678	1534	5
0,028974	1534	4
0,011918	1534	2
0,034309	1534	5
0,028504	1534	4
0,006517	1534	1

collect_aco.py ../src_aco/main -s -i -p 0.95 -n 50 -t 180 -b 3796 ../data/chr25a.dat
2,910223	3796	89
4,213093	3796	134
3,243399	3796	100
0,997567	3796	30
3,444204	3796	108
4,102835	3796	134
3,491432	3796	111
3,713685	3796	121
3,643778	3796	114
3,446102	3796	107
1,761761	3796	53
3,91507	3796	123
1,935144	3796	58
3,468352	3796	107
3,250201	3796	99
3,965829	3796	131
3,281261	3796	101
3,202354	3796	100
2,266327	3796	68
3,084445	3796	95
0,8672	3796	26
3,30687	3796	102

collect_aco.py ../src_aco/main -s -i -p 0.95 -n 50 -t 180 -b 438 ../data/esc32h.dat
0,261121	438	5
0,125197	438	3
0,166909	438	3
0,185635	438	4
0,042286	438	1
0,00906	438	1
0,013805	438	1
0,150393	438	3
0,007892	438	1
0,131909	438	3
0,036278	438	1
0,030272	438	1
0,075854	438	2
0,066071	438	2
0,038695	438	1
0,013971	438	1
0,108521	438	2
0,030915	438	1
0,078193	438	2
0,033992	438	1
0,014527	438	1
0,011022	438	1

collect_aco.py ../src_aco/main -s -i -p 0.95 -n 50 -t 180 -b 116 ../data/esc64a.dat
0,035661	116	1
0,013419	116	1
0,011829	116	1
0,025952	116	1
0,016731	116	1
0,015765	116	1
0,027927	116	1
0,045706	116	1
0,024842	116	1
0,036489	116	1
0,04624	116	1
0,015867	116	1
0,015087	116	1
0,0166	116	1
0,013474	116	1
0,017889	116	1
0,024315	116	1
0,072291	116	1
0,069881	116	1
0,01504	116	1
0,016729	116	1
0,026485	116	1

collect_aco.py ../src_aco/main -s -i -p 0.95 -n 50 -t 180 -b 6922 ../data/had20.dat
0,005686	6922	1
0,015194	6922	1
0,005797	6922	1
0,004432	6922	1
0,00903	6922	1
0,013012	6922	1
0,004181	6922	1
0,02183	6922	2
0,011136	6922	1
0,028372	6922	2
0,004819	6922	1
0,006258	6922	1
0,019199	6922	2
0,003148	6922	1
0,009521	6922	1
0,009845	6922	1
0,011241	6922	1
0,008521	6922	1
0,020452	6922	2
0,011183	6922	1
0,028817	6922	2
0,018998	6922	2

collect_aco.py ../src_aco/main -s -i -p 0.95 -n 50 -t 180 -b 88900 ../data/kra30a.dat
8,223487	88900	113
5,506115	88900	74
2,420674	88900	32
2,328455	88900	31
5,030638	88900	67
0,988619	88900	13
4,521231	88900	61
1,737103	88900	23
8,272968	88900	114
4,250703	88900	57
1,558056	88900	21
4,879566	88900	65
7,502383	88900	102
7,759317	88900	105
0,835841	88900	11
4,943519	88900	66
6,373559	88900	86
3,665642	88900	49
7,364886	88900	100
6,048466	88900	82
5,034111	88900	67
3,24123	88900	43

collect_aco.py ../src_aco/main -s -i -p 0.95 -n 50 -t 180 -b 88700 ../data/kra32.dat
0,483772	88700	5
11,007992	88700	113
3,934993	88700	40
11,634636	88700	119
8,747722	88700	88
0,858737	88700	9
13,167466	88700	136
4,620791	88700	47
6,746522	88700	68
4,522733	88700	45
7,574391	88700	76
2,657782	88700	27
7,355	88700	74
8,329323	88700	84
3,35151	88700	34
1,652105	88700	17
10,258811	88700	105
9,775444	88700	100
7,027276	88700	70
10,222926	88700	104
3,075825	88700	31
8,33817	88700	84

collect_aco.py ../src_aco/main -s -i -p 0.95 -n 50 -t 180 -b 578 ../data/nug12.dat
0,010612	578	6
0,002943	578	1
0,003114	578	1
0,002672	578	1
0,00443	578	2
0,004389	578	1
0,00882	578	5
0,004791	578	2
0,003088	578	1
0,0082	578	4
0,004131	578	2
0,006034	578	2
0,004574	578	2
0,003778	578	1
0,003884	578	1
0,007894	578	4
0,006951	578	3
0,003316	578	1
0,00708	578	4
0,003696	578	1
0,003556	578	1
0,006452	578	3

collect_aco.py ../src_aco/main -s -i -p 0.95 -n 50 -t 180 -b 1732 ../data/nug17.dat
0,130547	1732	21
0,052145	1732	8
0,373995	1732	60
0,296468	1732	48
0,045961	1732	7
0,116166	1732	18
0,172495	1732	28
0,078199	1732	13
0,135555	1732	22
0,29006	1732	46
0,066598	1732	11
0,029611	1732	5
0,169575	1732	27
0,011308	1732	2
0,031432	1732	5
0,112226	1732	18
0,047638	1732	8
0,167926	1732	27
0,082065	1732	13
0,03626	1732	6
0,025164	1732	4
0,056524	1732	9

collect_aco.py ../src_aco/main -s -i -p 0.95 -n 50 -t 180 -b 3596 ../data/nug22.dat
0,016417	3596	1
0,121234	3596	6
0,052547	3596	3
0,015638	3596	1
0,009755	3596	1
0,253391	3596	12
0,018259	3596	1
0,031428	3596	2
0,046738	3596	2
0,092005	3596	4
0,02984	3596	2
0,155776	3596	7
0,01518	3596	1
0,089564	3596	4
0,03887	3596	2
0,071433	3596	4
0,140499	3596	7
0,146792	3596	7
0,055232	3596	3
0,068853	3596	3
0,136177	3596	6
0,076916	3596	4

collect_aco.py ../src_aco/main -s -i -p 0.95 -n 50 -t 180 -b 6124 ../data/nug30.dat
9,457851	6124	119
7,604075	6128	25109
10,072651	6124	126
2,851604	6140	25065
1,970665	6124	24
9,813079	6128	24949
1,163138	6124	14
7,210222	6124	87
11,3452	6124	142
5,925241	6124	71
2,251247	6124	27
7,759021	6124	94
9,899985	6124	124
10,961946	6124	137
8,945215	6124	110
10,430958	6124	131
8,088849	6128	25088
7,922688	6128	25038
8,376133	6128	25095
7,160024	6124	87
7,196496	6124	87
12,309829	6128	24668

collect_aco.py ../src_aco/main -s -i -p 0.95 -n 50 -t 180 -b 354210 ../data/rou15.dat
0,008676	354210	2
0,02817	354210	8
0,01173	354210	3
0,004528	354210	1
0,009821	354210	3
0,017101	354210	5
0,007015	354210	2
0,020936	354210	6
0,005118	354210	1
0,021033	354210	6
0,015416	354210	4
0,061959	354210	18
0,012641	354210	3
0,047933	354210	14
0,034112	354210	10
0,004385	354210	1
0,020198	354210	6
0,004663	354210	1
0,018163	354210	5
0,008926	354210	2
0,043783	354210	13
0,011001	354210	3

collect_aco.py ../src_aco/main -s -i -p 0.95 -n 50 -t 180 -b 8239110 ../data/ste36c.dat
23,324849	8239110	121
20,831973	8239110	105
21,589808	8239110	109
20,672984	8239110	103
21,092403	8239110	106
22,543077	8239110	115
24,162941	8239110	125
21,275667	8239110	108
8,388233	8239110	40
21,472342	8239110	108
23,589012	8239110	118
18,269314	8239110	90
18,93044	8239110	92
26,150983	8239110	137
17,313693	8239110	84
9,35706	8239110	44
21,348128	8239110	106
23,270878	8239110	119
22,231108	8239110	112
25,144107	8239110	128
21,629603	8239110	109
25,01859	8239110	126

collect_aco.py ../src_aco/main -s -i -p 0.95 -n 50 -t 180 -b 1167256 ../data/tai25a.dat
3,605723	1171944	35463
1,48021	1176262	35549
2,452584	1177002	35359
5,892765	1172754	35527
4,834627	1171944	35761
5,730629	1173672	35607
6,712573	1171526	35479
6,464706	1172754	35397
4,770088	1167256	174
6,151421	1175666	35542
4,693735	1172754	35571
5,410678	1175666	35601
6,087122	1171526	35526
6,226614	1177002	35448
7,289853	1171944	35336
6,456197	1172754	35432
1,518847	1179188	35162
7,693316	1171944	35389
4,854896	1169030	35245
5,718514	1171526	35456
7,070617	1171526	35299
8,932141	1171944	35213

collect_aco.py ../src_aco/main -s -i -p 0.95 -n 50 -t 180 -b 7208572 ../data/tai60a.dat
139,712278	7396214	151
133,600411	7379526	151
158,894723	7400854	150
151,398118	7403166	151
19,784839	7399418	151
158,485506	7403118	151
66,526318	7403642	151
115,68602	7380366	150
72,09232	7401256	151
114,857987	7402004	151
78,64415	7416630	151
125,226149	7401810	151
106,403617	7396468	151
48,559492	7372956	151
70,167226	7398518	151
161,356067	7386670	151
45,220965	7406512	151
98,748259	7400812	151
17,048995	7399276	151
166,62484	7392424	151
61,718642	7396498	151
177,583053	7368532	151

collect_aco.py ../src_aco/main -s -i -p 0.95 -n 50 -t 180 -b 240516 ../data/tho40.dat
47,148935	240632	13224
54,438488	240632	12048
45,824318	240632	12945

