% python ../extra/collect.py ./qap -T120 -aA458821517 ../data/tai50b.dat
58,025641	458821517	237
18,24224	458821517	62
56,978766	458821517	233
19,541917	458821517	69
51,716333	458821517	179
14,864968	458821517	59
36,187005	458821517	129
21,739478	458821517	82
28,48681	458821517	105
6,837626	458821517	19
95,264202	458821517	340
114,384779	458821517	441
29,403932	458821517	137
41,509492	458821517	145
44,183207	458821517	173
66,24508	458821517	228
18,523795	458821517	74
24,909945	458821517	84
48,547112	458821517	170
70,855449	458821517	276
109,174935	458821517	392
33,06716	458821517	121

% python ../extra/collect.py ./qap -T20 -aA3817852 ../data/bur26b.dat
0,537022	3817852	43
0,452803	3817852	27
0,059759	3817852	0
0,060994	3817852	0
0,372627	3817852	28
0,09424	3817852	4
0,265392	3817852	20
0,1581	3817852	14
0,317178	3817852	20
0,335113	3817852	23
0,242855	3817852	16
0,168447	3817852	7
0,243678	3817852	17
0,060825	3817852	0
0,06015	3817852	0
0,060269	3817852	0
0,093717	3817852	4
0,294117	3817852	17
0,099433	3817852	6
0,222858	3817852	13
0,120087	3817852	9
0,129747	3817852	9

% python ../extra/collect.py ./qap -T20 -sA1534 ../data/chr18b.dat
0,005062	1534	0
0,007705	1534	3
0,004888	1534	0
0,014504	1534	12
0,016158	1534	13
0,011472	1534	7
0,005086	1534	0
0,005446	1534	1
0,014137	1534	10
0,00732	1534	2
0,005232	1534	0
0,015126	1534	12
0,006212	1534	1
0,013662	1534	10
0,008948	1534	4
0,010664	1534	6
0,00803	1534	4
0,00634	1534	1
0,018032	1534	15
0,070683	1534	69
0,004915	1534	0
0,004921	1534	0

% python ../extra/collect.py ./qap -T20 -sA3796 ../data/chr25a.dat 
0,777087	3796	200
0,841602	3796	230
0,278771	3796	78
0,261737	3796	72
0,333613	3796	91
0,122742	3796	33
0,770445	3796	210
0,211311	3796	66
0,087616	3796	25
0,704372	3796	195
0,311652	3796	93
0,070624	3796	19
0,117181	3796	44
1,444414	3796	392
0,344475	3796	94
0,597065	3796	157
0,41415	3796	122
0,201755	3796	57
0,416144	3796	101
0,051921	3796	12
0,21623	3796	66
0,07884	3796	22

% python ../extra/collect.py ./qap -T20 -sA438 ../data/esc32h.dat
0,061284	438	4
0,032428	438	0
0,032234	438	0
0,032153	438	0
0,032496	438	0
0,03186	438	0
0,03355	438	0
0,045155	438	2
0,032097	438	0
0,032895	438	0
0,045156	438	2
0,031739	438	0
0,039564	438	1
0,032442	438	0
0,032266	438	0
0,03256	438	0
0,043343	438	2
0,034014	438	0
0,045636	438	2
0,03295	438	0
0,032992	438	0
0,031595	438	0

% python ../extra/collect.py ./qap -T30 -sA116 ../data/esc64a.dat
0,261068	116	0
0,260629	116	0
0,257856	116	0
0,253082	116	0
0,259254	116	0
0,260185	116	0
0,258163	116	0
0,25498	116	0
0,249874	116	0
0,252746	116	0
0,254652	116	0
0,256029	116	0
0,255975	116	0
0,26339	116	0
0,260596	116	0
0,264813	116	0
0,25597	116	0
0,252261	116	0
0,263953	116	0
0,257443	116	0
0,264789	116	0
0,252587	116	0

% python ../extra/collect.py ./qap -T20 -sA6922 ../data/had20.dat
0,013757	6922	0
0,010298	6922	0
0,010185	6922	0
0,015004	6922	5
0,010238	6922	0
0,02725	6922	5
0,010021	6922	0
0,015322	6922	4
0,012223	6922	1
0,010889	6922	0
0,010473	6922	0
0,010709	6922	0
0,013961	6922	2
0,009928	6922	0
0,010537	6922	0
0,013144	6922	2
0,010557	6922	0
0,01487	6922	4
0,01051	6922	0
0,029579	6922	9
0,026757	6922	5
0,011118	6922	1

% python ../extra/collect.py ./qap -T20 -sA88900 ../data/kra30a.dat
0,857286	88900	88
1,317747	88900	145
0,604802	88900	65
0,118176	88900	10
0,241803	88900	27
0,523846	88900	56
1,102793	88900	133
0,94768	88900	99
0,813886	88900	84
0,52048	88900	62
0,208023	88900	18
0,212	88900	19
0,189837	88900	17
0,379619	88900	39
0,705382	88900	81
0,145858	88900	18
0,25892	88900	27
0,289042	88900	33
0,193122	88900	13
0,841804	88900	78
1,342056	88900	139
0,327445	88900	31

% python ../extra/collect.py ./qap -T20 -sA88700 ../data/kra32.dat 
0,299506	88700	22
0,510738	88700	43
0,511566	88700	42
0,80024	88700	68
0,356642	88700	30
0,158542	88700	11
0,878573	88700	74
0,3205	88700	23
0,162548	88700	13
0,389971	88700	37
0,616198	88700	45
0,633112	88700	61
0,173224	88700	14
0,5255	88700	35
0,581145	88700	41
0,162198	88700	11
0,160378	88700	13
0,366916	88700	35
0,205168	88700	18
1,481956	88700	124
0,096751	88700	4
0,271346	88700	19

% python ../extra/collect.py ./qap -T20 -sA578 ../data/nug12.dat
0,001725	578	0
0,012368	578	45
0,001082	578	0
0,003439	578	11
0,001038	578	0
0,001136	578	0
0,001092	578	0
0,001147	578	0
0,001485	578	2
0,0011	578	0
0,022073	578	91
0,010684	578	48
0,002601	578	8
0,001057	578	0
0,028139	578	121
0,001047	578	0
0,001022	578	0
0,001059	578	0
0,001988	578	5
0,001075	578	0
0,010357	578	49
0,001914	578	4

% python ../extra/collect.py ./qap -T20 -sA1732 ../data/nug17.dat
0,010307	1732	8
0,015878	1732	18
0,119036	1732	139
0,070178	1732	82
0,016211	1732	17
0,033387	1732	36
0,023868	1732	20
0,004396	1732	0
0,011392	1732	10
0,092057	1732	114
0,008739	1732	6
0,025139	1732	24
0,007444	1732	4
0,051626	1732	60
0,010845	1732	9
0,004323	1732	0
0,021587	1732	27
0,012385	1732	12
0,040206	1732	41
0,013867	1732	14
0,01555	1732	17
0,00665	1732	2

% python ../extra/collect.py ./qap -T20 -sA3596 ../data/nug22.dat
0,032948	3596	9
0,014458	3596	0
0,046303	3596	14
0,029785	3596	7
0,052159	3596	13
0,030154	3596	7
0,015223	3596	0
0,01457	3596	0
0,040393	3596	11
0,04043	3596	11
0,015263	3596	0
0,015501	3596	0
0,015235	3596	0
0,014801	3596	0
0,014267	3596	0
0,032058	3596	8
0,017817	3596	1
0,018331	3596	2
0,02005	3596	2
0,083405	3596	25
0,014417	3596	0
0,07587	3596	24

% python ../extra/collect.py ./qap -T30 -sA6124 ../data/nug30.dat
5,391099	6124	579
1,470419	6124	172
4,97991	6124	560
0,254016	6124	25
0,861353	6124	104
1,028971	6124	106
2,472683	6124	282
3,430739	6124	377
1,124032	6124	118
3,259714	6124	377
0,839504	6124	95
0,715928	6124	73
0,362424	6124	42
2,13662	6124	246
1,052328	6124	126
0,814314	6124	103
5,832698	6124	648
2,978454	6124	328
0,74263	6124	77
0,289229	6124	29
2,324372	6124	287
0,497132	6124	53

% python ../extra/collect.py ./qap -T30 -sA354210 ../data/rou15.dat
0,042837	354210	100
0,010787	354210	20
0,009911	354210	18
0,017472	354210	39
0,003006	354210	1
0,018645	354210	43
0,01383	354210	27
0,0056	354210	7
0,009798	354210	17
0,006889	354210	9
0,012192	354210	24
0,018603	354210	44
0,0139	354210	27
0,014345	354210	30
0,037831	354210	79
0,002477	354210	0
0,031789	354210	65
0,013765	354210	31
0,014252	354210	28
0,006128	354210	8
0,007616	354210	13
0,002636	354210	0

% python ../extra/collect.py ./qap -T180 -sA1167256 ../data/tai25a.dat
0,733566	1167256	264
29,957525	1167256	11522
8,454843	1167256	3125
44,707218	1167256	16759
26,661697	1167256	10224
9,663426	1167256	3630
19,226131	1167256	7141
15,234451	1167256	5585
40,907527	1167256	15221
8,018688	1167256	3047
2,575622	1167256	969
11,366291	1167256	4091
35,853387	1167256	13567
2,226604	1167256	784
19,565303	1167256	7125
25,31151	1167256	9355
2,699808	1167256	1098
6,144698	1167256	2387
11,087632	1167256	4271
0,849007	1167256	307
5,607192	1167256	2094
6,47807	1167256	2406

% python ../extra/collect.py ./qap -T180 -sA48816 ../data/wil50.dat
120,978872	48824	1267
70,446832	48816	748
7,22878	48824	74
2,80592	48816	24
112,109653	48816	1265
152,712553	48816	1656
27,015438	48816	320
8,90262	48824	92
38,338401	48816	455
32,645526	48816	341
25,299033	48816	267
36,665539	48824	406
29,859741	48824	324
21,742793	48816	233
33,275925	48824	370
9,314867	48824	114
41,453406	48816	489
124,599536	48816	1305
146,119289	48816	1601
46,217803	48824	498
15,886723	48816	168
27,475654	48824	313
# Os tempos que não são ótimos gastaram os 180 segundos

% python ../extra/collect.py ./qap -T180 -aA608215054 ../data/tai60b.dat
92,625864	608215054	138
32,630165	608215054	51
110,183164	608215054	172
55,424157	608215054	90
79,014004	608215054	119
40,781996	608215054	61
153,41042	608215054	235
114,314007	608215054	181
71,470314	608215054	105
58,810389	608215054	88
59,356672	608215054	89
88,967208	608215054	128
87,075294	608215054	143
35,701385	608215054	53
19,464532	608215054	33
60,463346	608215054	116
44,544654	608215054	66
116,050494	608215054	185
76,419294	608215054	119
21,043538	608215054	37
85,168135	608215054	128
54,02225	608215054	79

python ../extra/collect.py ./qap -T180 -sA7208572 ../data/tai60a.dat 
124,784474	7311488	976
164,905019	7299420	1283
102,010868	7274024	768
158,719937	7281570	1231
144,335354	7313702	1168
58,930861	7290906	474
42,648829	7302406	365
95,563817	7314688	757
141,033203	7318500	1115
164,533403	7288848	1245
141,961833	7315116	1141
69,392731	7306538	571
82,425186	7307178	656
138,599622	7295578	1068
174,419368	7310740	1371
139,144397	7276814	1124
28,510582	7298702	230
50,093366	7309720	382
26,360662	7321420	216
57,031911	7277034	478
99,381518	7317190	774
113,427818	7292714	895

% python ../extra/collect.py ./qap -T180 -sA8239110 ../data/ste36c.dat 
8,653685	8239110	393
0,676463	8239110	24
3,434383	8239110	154
2,979597	8239110	149
1,388351	8239110	70
6,807566	8239110	324
2,242322	8239110	106
0,797304	8239110	35
2,76666	8239110	134
4,876521	8239110	231
1,373833	8239110	64
2,066448	8239110	97
1,454099	8239110	83
0,658595	8239110	38
4,511771	8239110	237
2,023904	8239110	93
1,050751	8239110	45
1,462149	8239110	69
2,082456	8239110	91
1,304601	8239110	58
3,985674	8239110	196
0,296794	8239110	15

% python ../extra/collect.py ./qap -T180 -sA240516 ../data/tho40.dat
8,162462	240516	332
15,920293	240516	531
119,200334	240516	4369
89,430053	240542	3346
32,643575	240542	1224
94,095716	240516	3422
62,019335	240516	2244
109,159162	240516	4039
101,413243	240542	3619
113,188638	240516	4150
99,396047	240516	3704
66,813981	240516	2401
133,772793	240516	5014
28,985959	240516	1091
24,282656	240542	881
1,559098	240542	52
74,351784	240516	2548
31,57287	240516	1200
0,533224	240516	16
9,370542	240516	342
35,298114	240542	1199
2,059076	240542	75
